
  board =   [ 3  ,  9  ,   2  ,   0;    9 ,   9  ,   3  ,   0;    3   , 9    , 3  ,   1;    1 ,    2 ,   9  ,   1];