%Values


nRow = 4;
nCol = 4;
nMines = 5;
%cover = [99,99,99,1;99,3,2,1;1,1,0,0;0,0,0,0];

% cover = [1,11,0,0;0,0,0,0;0,0,0,0;0,0,0,0;];

cover = [99,99,2,0;11,99,3,0;2,99,3,1;11,2,99,1];